    325836         -10.36059287         544.54666446         589.70098479         742.10495585           0.20357613           0.16753600           0.23875500 
    498880         -16.10176057         590.37947922         645.24236046         800.72715859           0.29008946           0.23875500           0.34025100 
    770946         -23.16038336         627.47518927         689.47066645         847.62198243           0.41364637           0.34025100           0.48489200 
   1173542         -35.52463672         650.32966069         709.81859491         871.76941012           0.58870643           0.48489200           0.69102100 
   1709940         -55.20510545         657.43731318         705.99773838         871.91308771           0.83800190           0.69102100           0.98477700 
   2422840         -85.27015774         642.39625291         665.12271695         834.03235179           1.19355915           0.98477700           1.40341000 
   3528686        -119.91773399         599.55855142         593.51429760         754.74789921           1.70519831           1.40341000           2.00000000 
   5796126        -142.90713595         537.08230648         520.87241555         662.19273473           2.43974121           2.00000000           2.85020000 
  10947622        -142.45341979         483.34967863         477.64930080         601.84758088           3.49145567           2.85020000           4.06184000 
  23216996        -133.66680855         451.04726898         461.58743376         580.56611598           4.98555974           4.06184000           5.78853000 
  52507998        -123.79717644         423.18742844         444.92520010         556.54604239           7.11851116           5.78853000           8.24925000 
 126816510        -117.13392049         407.09723714         434.09492455         541.73496521          10.16239274           8.24925000          11.75600000 
 320571330        -111.09985628         395.57102971         424.75656896         526.45947381          14.49845452          11.75600000          16.75360000 
 846829634        -102.81868470         392.36897189         420.57950243         516.21807420          20.68553471          16.75360000          23.87550000 
